3.622312925170068 7.035646258503402 C:maj(9)
7.035646258503402 8.777142857142858 C:maj(9)/5
8.777142857142858 10.495419501133787 C:maj6(9)/5
10.495419501133787 13.908752834467121 C:maj(9)
13.908752834467121 16.486167800453515 F:maj9
16.486167800453515 19.086802721088436 A:min7
19.086802721088436 20.805079365079365 A:min7/5
20.805079365079365 22.50013605442177 E:min
22.50013605442177 24.2184126984127 A:min
24.2184126984127 25.93668934240363 G:maj
25.93668934240363 27.654965986394558 F:maj6(9)
27.654965986394558 32.80979591836735 C:maj
32.80979591836735 34.50485260770975 E:min
34.50485260770975 37.94140589569161 A:min7
37.94140589569161 39.65968253968254 C:maj
39.65968253968254 41.37795918367347 F:maj
41.37795918367347 44.81451247165533 C:maj(9)
44.81451247165533 48.251065759637186 A:min7
48.251065759637186 51.66439909297052 D:min9
51.66439909297052 55.100952380952386 G:maj6(9)
55.100952380952386 59.81460317460318 C:maj6(9)
59.81460317460318 61.95083900226758 C:maj(9)
61.95083900226758 65.38739229024944 A:min(9)
65.38739229024944 71.81931972789116 C:maj(9)
71.81931972789116 73.95555555555556 C:maj
73.95555555555556 75.67383219954648 E:min7
75.67383219954648 78.66920634920635 A:min7
78.66920634920635 80.82866213151928 C:maj(9)
80.82866213151928 82.96489795918367 F:maj6
82.96489795918367 85.96027210884354 C:maj(9)
85.96027210884354 89.39682539682539 A:min7
89.39682539682539 92.83337868480726 D:min9
92.83337868480726 96.26993197278912 G:maj6
96.26993197278912 97.54702947845806 C:maj6
97.54702947845806 99.26530612244898 C:maj(9)
99.26530612244898 100.10122448979592 C:maj6(9)
100.10122448979592 102.65541950113379 D:min7
102.65541950113379 104.37369614512473 F:maj9
104.37369614512473 106.11519274376417 F:maj(9)
106.11519274376417 109.96970521541951 D:min7
109.96970521541951 112.12916099773243 F:maj9
112.12916099773243 116.40163265306123 A:min7
116.40163265306123 118.11990929705216 E:min
118.11990929705216 120.69732426303855 A:min
120.69732426303855 121.55646258503401 G:maj6
121.55646258503401 122.41560090702949 G:7
122.41560090702949 124.1338775510204 F:maj6
124.1338775510204 129.26548752834466 C:maj
129.26548752834466 130.5425850340136 E:min
130.5425850340136 133.561179138322 A:min7
133.561179138322 135.6974149659864 C:maj(9)
135.6974149659864 137.41569160997733 F:maj
137.41569160997733 140.8522448979592 C:maj(9)
140.8522448979592 144.28879818594103 A:min7
144.28879818594103 147.7021315192744 D:min9
147.7021315192744 151.13868480725623 G:maj6(9)
151.13868480725623 154.1340589569161 C:maj6(9)
154.1340589569161 157.98857142857142 C:maj(9)
157.98857142857142 161.42512471655328 A:min(9)
161.42512471655328 167.857052154195 C:maj(9)
167.857052154195 169.99328798185942 C:maj
169.99328798185942 171.71156462585034 E:min7
171.71156462585034 175.1481179138322 A:min7
175.1481179138322 176.84317460317462 C:maj(9)
176.84317460317462 178.56145124716554 F:maj6
178.56145124716554 182.0212244897959 C:maj(9)
182.0212244897959 185.43455782312927 A:min7
185.43455782312927 188.8711111111111 D:min9
188.8711111111111 192.30766439909297 G:maj6(9)
192.30766439909297 197.02131519274377 C:maj6(9)
197.02131519274377 199.15755102040816 C:maj(9)
199.15755102040816 202.59410430839003 A:min(9)
202.59410430839003 211.16226757369614 C:maj(9)
211.16226757369614 212.8805442176871 E:min7
212.8805442176871 215.87591836734694 A:min7
215.87591836734694 218.01215419501133 C:maj(9)
218.01215419501133 220.17160997732427 F:maj6(7)
220.17160997732427 223.16698412698412 C:maj(9)
223.16698412698412 226.58031746031747 A:min7
226.58031746031747 230.0168707482993 D:min9
230.0168707482993 233.45342403628118 G:maj6(9)
233.45342403628118 236.61133786848072 C:maj
236.61133786848072 237.51691609977325 C:maj9
237.51691609977325 238.42249433106576 E:min7
238.42249433106576 240.3265306122449 G:maj6(9)
240.3265306122449 243.76308390022677 C:maj(9)
243.76308390022677 247.15319727891156 E:min
247.15319727891156 250.58975056689343 C:maj(9)
250.58975056689343 254.0263038548753 C:maj6(9)/5
254.0263038548753 257.4396371882086 C:maj6(9)
257.4396371882086 260.87619047619046 F:maj(9)
260.87619047619046 268.4226757369615 C:maj6
