3.9706122448979593 5.897868480725624 C:maj
5.897868480725624 7.801904761904762 C:maj(9)
7.801904761904762 9.729160997732427 F:maj7
9.729160997732427 11.679637188208616 F:maj6(7)
11.679637188208616 15.557369614512472 C:maj(9)
15.557369614512472 17.507845804988662 F:maj6(9)
17.507845804988662 23.289614512471655 C:maj(9)
23.289614512471655 25.240090702947846 F:maj6(7)
25.240090702947846 27.16734693877551 F:maj7
27.16734693877551 31.045079365079367 C:maj(9)
31.045079365079367 34.89959183673469 G:maj
34.89959183673469 38.800544217687076 C:maj(9)
38.800544217687076 42.6550566893424 D:min
42.6550566893424 46.53278911564626 G:maj(9)
46.53278911564626 50.41052154195012 C:maj9(13)
50.41052154195012 54.265034013605444 C:maj(9)
54.265034013605444 58.142766439909295 F:maj6(7)
58.142766439909295 62.02049886621315 C:maj(9)
62.02049886621315 65.87501133786849 G:maj
65.87501133786849 69.75274376417234 C:maj(9)
69.75274376417234 73.63047619047619 D:min
73.63047619047619 77.48498866213153 G:maj(9)
77.48498866213153 81.3859410430839 C:maj6(7)
81.3859410430839 85.24045351473923 F:maj7
85.24045351473923 89.11818594104308 A:min
89.11818594104308 92.99591836734695 F:maj7
92.99591836734695 94.9231746031746 C:maj6
94.9231746031746 96.85043083900227 C:maj9
96.85043083900227 98.80090702947847 F:maj6(7)
98.80090702947847 100.72816326530612 F:maj9
100.72816326530612 104.58267573696145 D:min7
104.58267573696145 108.46040816326531 G:maj(9)
108.46040816326531 110.4108843537415 C:maj6(9)
110.4108843537415 114.26539682539683 C:maj9(13)
114.26539682539683 116.21587301587302 C:maj(9)
116.21587301587302 120.07038548752834 F:maj7
120.07038548752834 122.02086167800454 C:maj9
122.02086167800454 123.9481179138322 C:maj6(9)
123.9481179138322 127.82585034013606 G:maj
127.82585034013606 131.68036281179138 C:maj(9)
131.68036281179138 135.55809523809523 D:min
135.55809523809523 139.43582766439908 G:maj(9)
139.43582766439908 143.31356009070296 C:maj6(7)
143.31356009070296 147.16807256235828 F:maj7
147.16807256235828 151.04580498866213 A:min
151.04580498866213 154.92353741496598 F:maj9
154.92353741496598 156.85079365079366 C:maj6(9)
156.85079365079366 158.80126984126986 C:maj9
158.80126984126986 160.7285260770975 F:maj6(7)
160.7285260770975 162.65578231292517 F:maj9
162.65578231292517 166.53351473922902 D:min7
166.53351473922902 170.41124716553287 G:maj(9)
170.41124716553287 174.2657596371882 C:maj9
174.2657596371882 176.2162358276644 F:maj6(7)
176.2162358276644 178.14349206349206 F:maj7
178.14349206349206 182.0212244897959 A:min7
182.0212244897959 185.89895691609976 F:maj9
185.89895691609976 187.82621315192745 C:maj6
187.82621315192745 189.7534693877551 C:maj9
189.7534693877551 191.68072562358276 F:maj6(7)
191.68072562358276 193.63120181405895 F:maj9
193.63120181405895 197.5089342403628 D:min7
197.5089342403628 199.4361904761905 G:9
199.4361904761905 201.36344671201815 G:maj(9)
201.36344671201815 203.31392290249434 C:maj6
203.31392290249434 205.241179138322 C:maj9(13)
205.241179138322 209.11891156462585 C:maj9
209.11891156462585 212.9734240362812 F:maj7
212.9734240362812 216.85115646258504 C:maj(9)
216.85115646258504 220.7288888888889 F:maj9
220.7288888888889 230.50448979591837 C:maj6
